[job1.jpg]
filters=tilt=1,0.075056,0.000000;tilt=1,0.027627,0.000000;tilt=1,0.082961,0.000000;
moddate=1cfee7178276d001
width=989
height=373
textactive=0
